750
969
995 894
962
861 847
890
837 814
836
797 796
802
795 744
779
721 661
771
619 615
761
581 553
745
543 521
732
511 471
728
470 469
725
409 408
723
392 372
645
344 341
638
339 289
588
263 262
567
249 242
557
204 183
550
169 162
546
118 114
497
108 94
488
91 88
472
51 27
416
20 15
314
8 993
294
991 982
286
960 929
260
885 873
241
856 846
219
840 817
217
813 751
197
740 735
196
714 686
179
670 665
154
620 617
127
524 522
125
513 481
113
475 461
109
458 447
83
438 415
78
413 402
28
401 386
22
256 243
994
200 195
964
155 153
954
150 105
950
101 67
942
44 31
939
26 10
924
988 977
913
956 932
889
912 881
877
858 832
867
808 800
799
770 765
775
726 716
746
703 701
739
674 544
706
537 494
654
482 455
623
454 452
606
444 424
576
422 410
561
394 383
559
376 368
555
327 318
508
307 304
480
270 236
468
231 138
404
137 133
387
130 99
381
72 52
367
49 984
329
953 947
320
937 915
301
903 891
300
872 862
287
853 841
277
835 833
275
825 801
254
794 760
247
705 697
216
675 662
211
653 643
201
625 612
187
583 572
181
571 562
149
525 518
145
490 443
87
414 407
50
388 371
38
345 330
19
321 297
13
285 259
972
188 182
963
157 156
923
147 144
899
134 129
887
115 93
880
80 40
864
32 30
855
12 973
830
952 943
803
920 879
792
866 857
777
805 763
768
737 695
757
689 681
756
664 624
755
622 609
729
573 566
704
547 534
679
528 474
677
459 437
648
434 426
644
405 382
629
373 365
616
355 350
551
336 290
541
273 252
539
244 227
509
199 173
504
165 151
485
146 124
479
18 6
467
996 967
457
965 958
451
957 949
450
930 876
433
838 834
429
818 810
423
774 769
411
758 753
370
715 711
364
684 657
360
651 595
349
590 585
348
582 579
313
563 517
302
503 501
296
495 492
281
478 465
228
375 353
166
338 288
148
266 250
139
238 234
103
226 198
92
172 171
90
168 163
89
160 126
81
123 102
34
96 95
23
76 65
11
61 47
5
36 990
4
934 927
992
919 918
986
911 882
951
871 816
936
789 759
926
710 709
907
628 601
905
599 580
900
577 545
896
529 464
860
428 390
736
385 366
712
359 331
688
280 271
641
223 218
627
143 128
614
116 71
613
59 55
594
46 2
549
981 961
532
928 910
530
897 868
507
828 824
500
806 793
499
781 773
463
731 720
462
717 698
456
676 668
389
666 660
305
637 636
292
633 632
265
631 630
208
608 607
202
535 510
167
498 487
106
484 432
98
384 343
70
337 335
48
269 257
35
248 246
21
224 215
9
214 206
998
161 158
987
131 119
970
85 82
944
66 58
921
57 37
888
0 979
878
974 968
870
946 941
845
940 909
844
904 901
831
898 884
820
883 788
812
782 762
743
752 700
718
685 683
708
673 659
707
635 634
671
618 589
663
586 552
650
548 542
610
527 476
584
466 419
570
417 399
554
395 310
533
295 291
516
264 237
502
191 185
436
175 117
435
86 69
393
68 64
391
999 985
361
980 945
352
916 902
347
892 798
272
783 750
251
749 699
245
696 603
189
600 598
159
587 578
120
568 564
111
558 523
41
512 496
25
449 445
3
427 418
978
403 398
935
363 324
922
322 306
906
253 221
886
207 190
865
180 152
863
104 97
852
84 79
821
54 53
815
786
754
719
687
669
605
604
597
596
526
483
460
442
430
421
406
400
396
369
362
358
328
311
299
284
279
278
267
261
255
233
232
229
225
203
178
142
73
60
39
997
975
933
931
925
908
875
851
850
849
839
827
811
804
787
776
727
724
693
682
656
640
593
591
565
560
536
514
473
446
440
439
319
309
283
274
240
222
213
212
193
177
140
100
63
62
29
24
7
983
917
895
893
874
869
842
826
823
822
819
809
807
791
790
785
778
742
733
713
702
692
690
680
672
667
658
652
611
574
540
520
519
491
489
486
453
425
412
380
378
377
356
346
342
332
315
312
303
298
239
209
186
184
174
136
121
77
75
45
1
976
966
955
938
914
854
848
843
829
772
767
764
747
741
738
730
678
655
647
621
592
575
556
538
531
515
441
431
397
379
374
357
354
351
340
334
326
325
323
316
293
258
235
230
205
176
170
164
132
112
110
107
74
989
971
959
948
859
784
780
766
748
734
722
694
691
649
646
642
639
626
602
569
506
505
493
477
448
420
333
317
308
282
276
268
220
210
194
192
141
135
43
42
33
17
16
14
122
56
